//1st story
0,0 18 0 0,0,0
0,1 39 0 0,180,0
0,2 18 0 0,90,0
0,3 35 0 0,180,0
0,4 18 0 0,0,0
0,5 39 0 0,180,0
0,6 18 0 0,90,0

1,0 39 0 0,90,0
1,1 43 0 0,180,0
1,1 22 0 0,0,0
1,2 18 0 0,180,0
1,3 35 4 0,180,0
1,4 18 0 0,270,0
1,5 22 0 0,270,0
1,5 43 0 0,90,0
1,6 39 0 0,270,0

2,0 18 0 0,270,0
2,1 18 0 0,180,0
2,2 14 8 0,180,0
2,3 34 8 0,90,0
2,4 14 8 0,270,0
2,5 18 0 0,270,0
2,6 18 0 0,180,0

3,0 35 0 0,90,0
3,1 35 4 0,90,0
3,2 34 8 0,0,0
3,3 0 0 0,0,0
3,4 34 8 0,180,0
3,5 35 4 0,270,0
3,6 35 0 0,270,0

4,0 18 0 0,0,0
4,1 18 0 0,90,0
4,2 14 8 0,90,0
4,3 34 8 0,270,0
4,4 14 8 0,0,0
4,5 18 0 0,0,0
4,6 18 0 0,90,0

5,0 39 0 0,90,0
5,1 43 0 0,90,0
5,1 22 0 0,90,0
5,2 18 0 0,90,0
5,3 35 4 0,0,0
5,4 18 0 0,0,0
5,5 22 0 0,0,0
5,5 43 0 0,0,0
5,6 39 0 0,270,0

6,0 18 0 0,270,0
6,1 39 0 0,0,0
6,2 18 0 0,180,0
6,3 35 0 0,0,0
6,4 18 0 0,270,0
6,5 39 0 0,0,0
6,6 18 0 0,180,0

//2nd story
0,0 18 16 0,0,0
0,1 39 16 0,180,0
0,2 18 16 0,90,0
0,4 18 16 0,0,0
0,5 39 16 0,180,0
0,6 18 16 0,90,0

1,0 39 16 0,90,0
1,1 43 16 0,180,0
1,1 22 16 0,0,0
1,2 18 16 0,180,0
1,4 18 16 0,270,0
1,5 22 16 0,270,0
1,5 43 16 0,90,0
1,6 39 16 0,270,0

2,0 18 16 0,270,0
2,1 18 16 0,180,0
2,5 18 16 0,270,0
2,6 18 16 0,180,0

4,0 18 16 0,0,0
4,1 18 16 0,90,0
4,5 18 16 0,0,0
4,6 18 16 0,90,0

5,0 39 16 0,90,0
5,1 43 16 0,90,0
5,1 22 16 0,90,0
5,2 18 16 0,90,0
5,4 18 16 0,0,0
5,5 22 16 0,0,0
5,5 43 16 0,0,0
5,6 39 16 0,270,0

6,0 18 16 0,270,0
6,1 39 16 0,0,0
6,2 18 16 0,180,0
6,4 18 16 0,270,0
6,5 39 16 0,0,0
6,6 18 16 0,180,0

//3rd story
0,0 18 32 0,0,0
0,1 39 32 0,180,0
0,2 18 32 0,90,0
0,4 18 32 0,0,0
0,5 39 32 0,180,0
0,6 18 32 0,90,0

1,0 39 32 0,90,0
1,1 43 32 0,180,0
1,1 22 32 0,0,0
1,2 18 32 0,180,0
1,4 18 32 0,270,0
1,5 22 32 0,270,0
1,5 43 32 0,90,0
1,6 39 32 0,270,0

2,0 18 32 0,270,0
2,1 18 32 0,180,0
2,5 18 32 0,270,0
2,6 18 32 0,180,0

4,0 18 32 0,0,0
4,1 18 32 0,90,0
4,5 18 32 0,0,0
4,6 18 32 0,90,0

5,0 39 32 0,90,0
5,1 43 32 0,90,0
5,1 22 32 0,90,0
5,2 18 32 0,90,0
5,4 18 32 0,0,0
5,5 22 32 0,0,0
5,5 43 32 0,0,0
5,6 39 32 0,270,0

6,0 18 32 0,270,0
6,1 39 32 0,0,0
6,2 18 32 0,180,0
6,4 18 32 0,270,0
6,5 39 32 0,0,0
6,6 18 32 0,180,0

//4th story
0,0 18 48 0,0,0
0,1 39 48 0,180,0
0,2 18 48 0,90,0
0,4 18 48 0,0,0
0,5 39 48 0,180,0
0,6 18 48 0,90,0

1,0 39 48 0,90,0
1,1 43 48 0,180,0
1,1 22 48 0,0,0
1,2 18 48 0,180,0
1,4 18 48 0,270,0
1,5 22 48 0,270,0
1,5 43 48 0,90,0
1,6 39 48 0,270,0

2,0 18 48 0,270,0
2,1 18 48 0,180,0
2,5 18 48 0,270,0
2,6 18 48 0,180,0

4,0 18 48 0,0,0
4,1 18 48 0,90,0
4,5 18 48 0,0,0
4,6 18 48 0,90,0

5,0 39 48 0,90,0
5,1 43 48 0,90,0
5,1 22 48 0,90,0
5,2 18 48 0,90,0
5,4 18 48 0,0,0
5,5 22 48 0,0,0
5,5 43 48 0,0,0
5,6 39 48 0,270,0

6,0 18 48 0,270,0
6,1 39 48 0,0,0
6,2 18 48 0,180,0
6,4 18 48 0,270,0
6,5 39 48 0,0,0
6,6 18 48 0,180,0
