0,0 18 0 0,0,0
0,1 39 0 0,180,0
0,2 18 0 0,90,0
0,3 0 0 0,0,0
0,4 35 0 0,180,0
0,5 0 0 0,0,0
0,6 18 0 0,0,0
0,7 39 0 0,180,0
0,8 18 0 0,90,0

1,0 39 0 0,90,0
1,1 43 0 0,180,0
1,1 22 0 0,0,0
1,2 18 0 0,180,0
1,3 0 0 0,0,0
1,4 35 4 0,180,0
1,5 0 0 0,0,0
1,6 18 0 0,270,0
1,7 22 0 0,270,0
1,7 43 0 0,90,0
1,8 39 0 0,270,0

2,0 18 0 0,270,0
2,1 18 0 0,180,0
2,2 14 8 0,180,0
2,3 2 8 0,90,0
2,4 34 8 0,90,0
2,5 2 8 0,90,0
2,6 14 8 0,270,0
2,7 18 0 0,270,0
2,8 18 0 0,180,0

3,2 2 8 0,0,0
3,6 2 8 0,0,0

4,0 35 0 0,90,0
4,1 35 4 0,90,0
4,2 34 8 0,0,0
4,3 0 0 0,0,0
4,4 0 0 0,0,0
4,5 0 0 0,0,0
4,6 34 8 0,180,0
4,7 35 4 0,270,0
4,8 35 0 0,270,0

5,2 2 8 0,0,0
5,6 2 8 0,0,0

6,0 18 0 0,0,0
6,1 18 0 0,90,0
6,2 14 8 0,90,0
6,3 2 8 0,90,0
6,4 34 8 0,270,0
6,5 2 8 0,90,0
6,6 14 8 0,0,0
6,7 18 0 0,0,0
6,8 18 0 0,90,0

7,0 39 0 0,90,0
7,1 43 0 0,90,0
7,1 22 0 0,90,0
7,2 18 0 0,90,0
7,3 0 0 0,0,0
7,4 35 4 0,0,0
7,5 0 0 0,0,0
7,6 18 0 0,0,0
7,7 22 0 0,0,0
7,7 43 0 0,0,0
7,8 39 0 0,270,0

8,0 18 0 0,270,0
8,1 39 0 0,0,0
8,2 18 0 0,180,0
8,3 0 0 0,0,0
8,4 35 0 0,0,0
8,5 0 0 0,0,0
8,6 18 0 0,270,0
8,7 39 0 0,0,0
8,8 18 0 0,180,0
